30/1001 handshake : aa 50 00 00 30 40 10 01 00 00 00 00 00 10 3b 19 05 55 02 e0 4b 29 8b c9 ea c0 67 0f 11 36 01 01 00 10 e6 b7 0e c8 75 ad 46 63 a1 f4 9f a2 94 c7 de 9a 02 02 00 10 8e e3 ff fe 78 94 40 1e b9 b5 3e 94 ea 8a a5 35 49 04
30/1009 p0 L0     : aa 50 00 00 30 35 10 09 00 00 00 00 80 05 00 00 00 00 00 01 01 01 10 85 cc e5 56 05 f7 42 f0 a8 f7 7f 93 46 12 8f df 02 02 00 10 47 f2 f2 e0 38 ce 41 44 bd 15 8c 6b 13 a4 dd 58 b9 04
30/100b p0 L0     : aa 50 00 00 30 7c 10 0b 00 00 00 00 00 01 00 00 02 00 00 03 00 00 04 00 00 05 00 00 06 00 00 07 00 00 08 00 00 09 00 00 0a 00 00 0b 00 00 0c 00 00 0d 00 00 0e 00 00 0f 00 00 10 00 00 11 00 00 12 00 00 13 00 00 14 00 00 15 00 00 16 00 00 17 00 00 18 00 00 19 00 00 1a 00 00 1b 00 00 1c 00 00 1d 00 00 1e 00 00 1f 00 00 20 00 00 21 00 00 22 00 00 23 00 00 24 00 00 25 00 00 26 00 00 27 00 00 1b 04
30/100b p0 L1     : aa 50 00 01 30 f5 10 0b 01 01 00 01 01 0a 01 01 01 0a 02 01 01 32 03 01 01 01 04 01 01 00 05 0f 08 01 00 00 00 ff ff ff ff 06 0f 08 01 00 00 00 01 00 00 00 07 0f 08 00 00 00 00 ff ff ff ff 08 0f 08 00 00 00 00 01 00 00 00 09 0f 08 04 00 00 00 01 00 00 00 0a 0f 08 04 00 00 00 ff ff ff ff 0b 0f 08 03 00 00 00 01 00 00 00 0c 0f 08 03 00 00 00 04 00 00 00 0d 0f 08 03 00 00 00 02 00 00 00 0e 0f 08 03 00 00 00 08 00 00 00 0f 0f 08 06 00 00 00 ff ff ff ff 10 0f 08 06 00 00 00 01 00 00 00 11 07 00 12 07 00 13 0f 08 03 00 00 00 04 00 00 00 14 07 00 15 01 04 29 00 07 06 16 01 04 29 00 07 04 17 01 04 2b 00 07 03 18 01 04 2b 00 07 01 19 01 04 2b 00 07 08 1a 07 00 1b 01 04 4b 00 07 04 1c 01 04 4e 00 07 04 1d 01 04 50 00 07 09 1e 01 04 4f 00 07 09 1f 00 00 1c 04
30/100b p0 L2     : aa 50 00 00 30 a1 10 0b 00 02 00 01 01 0a 01 01 01 32 02 01 01 14 03 01 01 01 04 01 01 00 05 07 00 06 07 00 07 07 00 08 07 00 09 07 00 0a 07 00 0b 07 00 0c 07 00 0d 0f 08 04 00 00 00 ff ff ff ff 0e 0f 08 04 00 00 00 01 00 00 00 0f 0f 08 06 00 00 00 ff ff ff ff 10 0f 08 06 00 00 00 01 00 00 00 11 07 00 12 07 00 13 07 00 14 07 00 15 07 00 16 07 00 17 07 00 18 07 00 19 07 00 1a 07 00 1b 07 00 1c 07 00 1d 07 00 1e 07 00 1f 00 00 20 00 00 21 00 00 22 00 00 23 00 00 24 00 00 25 00 00 26 00 00 27 00 00 34 04
30/100d LEDMAP p0 L0: aa 50 00 02 30 f5 10 0d 01 00 00 26 00 64 01 26 00 64 02 26 00 64 03 26 00 64 04 26 00 64 05 26 00 64 06 26 00 64 07 26 00 64 08 26 00 64 09 26 00 64 0a 26 00 64 0b 26 00 64 0c 26 00 64 0d 26 00 64 0e 26 00 64 0f 26 00 64 10 26 00 64 11 26 00 64 12 26 00 64 13 26 00 64 14 26 00 64 15 26 00 64 16 26 00 64 17 26 00 64 18 26 00 64 19 26 00 64 1a 26 00 64 1b 26 00 64 1c 26 00 64 1d 26 00 64 1e 26 00 64 1f 26 00 64 20 26 00 64 21 26 00 64 22 26 00 64 23 26 00 64 24 26 00 64 25 26 00 64 26 26 00 64 27 26 00 64 28 26 00 64 29 26 00 64 2a 26 00 64 2b 26 00 64 2c 26 00 64 2d 26 00 64 2e 26 00 64 2f 26 00 64 30 00 00 46 31 78 00 46 32 f0 00 64 33 00 00 00 34 2c 01 64 35 26 00 64 36 26 00 64 37 b4 00 64 38 0a 01 46 39 ab 00 64 3a 26 00 64 3b 26 00 64 3c d7 04
30/100d LEDMAP p0 L1: aa 50 00 02 30 f5 10 0d 01 01 00 26 00 64 01 26 00 64 02 26 00 64 03 26 00 64 04 26 00 64 05 26 00 64 06 26 00 64 07 26 00 64 08 26 00 64 09 26 00 64 0a 26 00 64 0b 26 00 64 0c 26 00 64 0d 26 00 64 0e 26 00 64 0f 26 00 64 10 26 00 64 11 26 00 64 12 26 00 64 13 26 00 64 14 26 00 64 15 26 00 64 16 26 00 64 17 26 00 64 18 26 00 64 19 26 00 64 1a 26 00 64 1b 26 00 64 1c 26 00 64 1d 26 00 64 1e 26 00 64 1f 26 00 64 20 26 00 64 21 26 00 64 22 26 00 64 23 26 00 64 24 26 00 64 25 26 00 64 26 26 00 64 27 26 00 64 28 26 00 64 29 26 00 64 2a 26 00 64 2b 26 00 64 2c 26 00 64 2d 26 00 64 2e 26 00 64 2f 26 00 64 30 26 00 64 31 26 00 64 32 26 00 64 33 26 00 64 34 26 00 64 35 26 00 64 36 26 00 64 37 26 00 64 38 26 00 64 39 26 00 64 3a 26 00 64 3b 26 00 64 3c 21 04
30/100d LEDMAP p0 L2: aa 50 00 02 30 f5 10 0d 01 02 00 26 00 64 01 26 00 64 02 26 00 64 03 26 00 64 04 26 00 64 05 26 00 64 06 26 00 64 07 26 00 64 08 26 00 64 09 26 00 64 0a 26 00 64 0b 26 00 64 0c 26 00 64 0d 26 00 64 0e 26 00 64 0f 26 00 64 10 26 00 64 11 26 00 64 12 26 00 64 13 26 00 64 14 26 00 64 15 26 00 64 16 26 00 64 17 26 00 64 18 26 00 64 19 26 00 64 1a 26 00 64 1b 26 00 64 1c 26 00 64 1d 26 00 64 1e 26 00 64 1f 26 00 64 20 26 00 64 21 26 00 64 22 26 00 64 23 26 00 64 24 26 00 64 25 26 00 64 26 26 00 64 27 26 00 64 28 26 00 64 29 26 00 64 2a 26 00 64 2b 26 00 64 2c 26 00 64 2d 26 00 64 2e 26 00 64 2f 26 00 64 30 26 00 64 31 26 00 64 32 26 00 64 33 26 00 64 34 26 00 64 35 26 00 64 36 26 00 64 37 26 00 64 38 26 00 64 39 26 00 64 3a 26 00 64 3b 26 00 64 3c 22 04
de/1008 module?   : aa 50 00 00 de 09 10 08 00 10 00 00 02 03 03 0a 04
fe/100b modfw?    : aa 50 00 00 fe 0f 10 0b 00 90 5f 01 00 e0 93 04 00 30 75 00 00 e7 04
be/1008 ble-addr? : aa 50 00 00 be 09 10 08 00 d4 bb 98 e8 3f b6 8e 04
be/100c ble-status: aa 50 00 00 be f2 10 0c 00 00 00 02 ac 05 03 04 02 01 d4 bb 98 e8 3f b6 00 00 00 01 02 00 00 00 00 00 00 00 00 00 00 00 00 00 00 00 00 00 00 00 00 00 00 00 00 00 00 00 00 00 00 00 00 01 13 00 01 02 00 bc d0 74 af 81 fe 00 00 00 00 00 00 00 00 00 00 00 00 00 00 00 00 00 00 00 00 00 00 00 00 00 02 13 00 01 02 00 a4 b1 c1 81 aa 1e 00 00 00 00 00 00 00 00 00 00 00 00 00 00 00 00 00 00 00 00 00 00 00 00 00 03 08 04 01 02 00 00 00 00 00 00 00 00 18 00 00 01 f4 02 02 00 00 00 00 00 01 00 06 00 06 00 00 01 90 13 00 00 04 13 00 01 02 00 bc d0 74 af 81 fe 00 00 00 00 00 00 00 00 00 00 00 00 00 00 00 00 00 00 00 00 00 00 00 00 00 07 00 02 01 c9 3c 71 c6 54 bd 00 06 00 00 01 90 02 02 03 00 00 00 00 00 00 06 00 06 00 00 01 90 00 00 00 00 00 00 00 18 04
fa/1001 dev-info  : aa 50 00 00 fa 23 10 01 00 01 00 03 00 00 00 00 00 03 00 00 00 00 00 03 00 00 00 00 00 03 00 00 00 00 00 03 00 00 00 00 00 13 04
be/1002 ble-addr? : aa 50 00 00 be 09 10 02 00 c9 3c 71 c6 54 bd b9 04
be/100f battery?  : aa 50 00 00 be 04 10 0f 00 02 1d 04
de/1001 module?   : aa 50 00 00 de 05 10 01 00 01 10 00 04
de/100b module-live: aa 50 00 00 de 06 10 0b 00 10 64 00 6f 04
fe/1002 fw?       : aa 50 00 00 fe 07 10 02 00 00 03 29 00 38 04
fe/1006 live-stat : aa 50 00 00 fe 05 10 06 00 0f fa e3 04
